date,ages,admissions_m,admissions_f,admissions_total
2020-11-07,80+,1554,1888,3442
2020-11-07,70-79,2003,1900,3903
2020-11-07,60-69,2069,1737,3806
2020-11-07,50-59,1519,1374,2893
2020-11-07,40-49,909,869,1778
2020-11-07,30-39,503,674,1177
2020-11-07,20-29,264,556,820
2020-11-07,5-19,67,111,178
2020-11-07,0-4,31,32,63
2020-11-08,80+,1573,1913,3486
2020-11-08,70-79,2036,1931,3967
2020-11-08,60-69,2099,1753,3852
2020-11-08,50-59,1537,1390,2927
2020-11-08,40-49,918,876,1794
2020-11-08,30-39,508,680,1188
2020-11-08,20-29,268,562,830
2020-11-08,5-19,68,113,181
2020-11-08,0-4,32,33,65
2020-11-09,80+,1596,1943,3539
2020-11-09,70-79,2057,1962,4019
2020-11-09,60-69,2130,1784,3914
2020-11-09,50-59,1561,1405,2966
2020-11-09,40-49,929,889,1818
2020-11-09,30-39,517,691,1208
2020-11-09,20-29,272,574,846
2020-11-09,5-19,68,114,182
2020-11-09,0-4,32,32,64
2020-11-11,80+,1621,1968,3589
2020-11-11,70-79,2088,1988,4076
2020-11-11,60-69,2173,1809,3982
2020-11-11,50-59,1571,1428,2999
2020-11-11,40-49,938,897,1835
2020-11-11,30-39,521,700,1221
2020-11-11,20-29,274,587,861
2020-11-11,5-19,69,116,185
2020-11-11,0-4,33,32,65
2020-11-12,80+,1694,2032,3726
2020-11-12,70-79,2188,2084,4272
2020-11-12,60-69,2263,1899,4162
2020-11-12,50-59,1624,1484,3108
2020-11-12,40-49,986,927,1913
2020-11-12,30-39,529,726,1255
2020-11-12,20-29,279,609,888
2020-11-12,5-19,71,116,187
2020-11-12,0-4,34,35,69
2020-11-13,80+,1732,2065,3797
2020-11-13,70-79,2219,2119,4338
2020-11-13,60-69,2298,1918,4216
2020-11-13,50-59,1648,1501,3149
2020-11-13,40-49,994,939,1933
2020-11-13,30-39,534,732,1266
2020-11-13,20-29,287,616,903
2020-11-13,5-19,74,116,190
2020-11-13,0-4,35,37,72
2020-11-14,80+,1756,2098,3854
2020-11-14,70-79,2276,2156,4432
2020-11-14,60-69,2327,1947,4274
2020-11-14,50-59,1669,1513,3182
2020-11-14,40-49,1011,951,1962
2020-11-14,30-39,538,743,1281
2020-11-14,20-29,293,635,928
2020-11-14,5-19,75,118,193
2020-11-14,0-4,37,37,74
2020-11-16,80+,1806,2126,3932
2020-11-16,70-79,2312,2185,4497
2020-11-16,60-69,2359,1976,4335
2020-11-16,50-59,1695,1538,3233
2020-11-16,40-49,1019,962,1981
2020-11-16,30-39,548,761,1309
2020-11-16,20-29,297,647,944
2020-11-16,5-19,75,120,195
2020-11-16,0-4,38,37,75
2020-11-17,80+,1835,2156,3991
2020-11-17,70-79,2360,2226,4586
2020-11-17,60-69,2401,2010,4411
2020-11-17,50-59,1720,1562,3282
2020-11-17,40-49,1033,976,2009
2020-11-17,30-39,557,772,1329
2020-11-17,20-29,296,657,953
2020-11-17,5-19,76,122,198
2020-11-17,0-4,38,37,75
2020-11-19,80+,1906,2232,4138
2020-11-19,70-79,2469,2298,4767
2020-11-19,60-69,2496,2075,4571
2020-11-19,50-59,1782,1614,3396
2020-11-19,40-49,1058,1004,2062
2020-11-19,30-39,578,802,1380
2020-11-19,20-29,311,683,994
2020-11-19,5-19,76,130,206
2020-11-19,0-4,38,38,76
2020-11-20,80+,1933,2277,4210
2020-11-20,70-79,2524,2328,4852
2020-11-20,60-69,2533,2104,4637
2020-11-20,50-59,1821,1638,3459
2020-11-20,40-49,1070,1009,2079
2020-11-20,30-39,587,818,1405
2020-11-20,20-29,311,694,1005
2020-11-20,5-19,78,132,210
2020-11-20,0-4,39,39,78
2020-11-22,80+,1998,2359,4357
2020-11-22,70-79,2608,2398,5006
2020-11-22,60-69,2614,2162,4776
2020-11-22,50-59,1876,1680,3556
2020-11-22,40-49,1096,1034,2130
2020-11-22,30-39,600,842,1442
2020-11-22,20-29,324,719,1043
2020-11-22,5-19,84,141,225
2020-11-22,0-4,40,42,82
2020-11-23,80+,2018,2386,4404
2020-11-23,70-79,2660,2440,5100
2020-11-23,60-69,2637,2194,4831
2020-11-23,50-59,1903,1698,3601
2020-11-23,40-49,1100,1047,2147
2020-11-23,30-39,607,854,1461
2020-11-23,20-29,330,727,1057
2020-11-23,5-19,84,143,227
2020-11-23,0-4,41,43,84
2020-11-24,80+,2044,2417,4461
2020-11-24,70-79,2702,2489,5191
2020-11-24,60-69,2669,2244,4913
2020-11-24,50-59,1932,1720,3652
2020-11-24,40-49,1113,1064,2177
2020-11-24,30-39,619,867,1486
2020-11-24,20-29,328,738,1066
2020-11-24,5-19,87,146,233
2020-11-24,0-4,41,43,84
2020-11-26,80+,2097,2494,4591
2020-11-26,70-79,2774,2570,5344
2020-11-26,60-69,2752,2312,5064
2020-11-26,50-59,1984,1762,3746
2020-11-26,40-49,1145,1103,2248
2020-11-26,30-39,629,887,1516
2020-11-26,20-29,330,768,1098
2020-11-26,5-19,92,154,246
2020-11-26,0-4,46,46,92
2020-11-27,80+,2134,2527,4661
2020-11-27,70-79,2814,2611,5425
2020-11-27,60-69,2781,2352,5133
2020-11-27,50-59,2016,1780,3796
2020-11-27,40-49,1162,1111,2273
2020-11-27,30-39,639,902,1541
2020-11-27,20-29,331,779,1110
2020-11-27,5-19,94,157,251
2020-11-27,0-4,46,46,92
2020-11-28,80+,2180,2556,4736
2020-11-28,70-79,2872,2658,5530
2020-11-28,60-69,2810,2380,5190
2020-11-28,50-59,2045,1814,3859
2020-11-28,40-49,1173,1124,2297
2020-11-28,30-39,643,916,1559
2020-11-28,20-29,335,793,1128
2020-11-28,5-19,95,161,256
2020-11-28,0-4,46,48,94
2020-11-29,80+,2207,2594,4801
2020-11-29,70-79,2915,2689,5604
2020-11-29,60-69,2839,2416,5255
2020-11-29,50-59,2069,1833,3902
2020-11-29,40-49,1183,1131,2314
2020-11-29,30-39,652,926,1578
2020-11-29,20-29,339,801,1140
2020-11-29,5-19,96,163,259
2020-11-29,0-4,47,49,96
2020-11-30,80+,2245,2630,4875
2020-11-30,70-79,2976,2738,5714
2020-11-30,60-69,2899,2451,5350
2020-11-30,50-59,2082,1853,3935
2020-11-30,40-49,1200,1145,2345
2020-11-30,30-39,654,934,1588
2020-11-30,20-29,342,819,1161
2020-11-30,5-19,96,164,260
2020-11-30,0-4,48,50,98
2020-12-01,80+,2280,2673,4953
2020-12-01,70-79,3028,2782,5810
2020-12-01,60-69,2948,2490,5438
2020-12-01,50-59,2123,1881,4004
2020-12-01,40-49,1218,1159,2377
2020-12-01,30-39,661,945,1606
2020-12-01,20-29,343,836,1179
2020-12-01,5-19,98,166,264
2020-12-01,0-4,48,49,97
2020-12-03,80+,2361,2759,5120
2020-12-03,70-79,3137,2864,6001
2020-12-03,60-69,3059,2566,5625
2020-12-03,50-59,2174,1936,4110
2020-12-03,40-49,1252,1195,2447
2020-12-03,30-39,675,972,1647
2020-12-03,20-29,352,859,1211
2020-12-03,5-19,104,169,273
2020-12-03,0-4,49,50,99
2020-12-04,80+,2401,2809,5210
2020-12-04,70-79,3191,2907,6098
2020-12-04,60-69,3099,2615,5714
2020-12-04,50-59,2202,1965,4167
2020-12-04,40-49,1266,1208,2474
2020-12-04,30-39,683,988,1671
2020-12-04,20-29,357,882,1239
2020-12-04,5-19,107,173,280
2020-12-04,0-4,49,50,99
2020-12-05,80+,2470,2884,5354
2020-12-05,70-79,3287,2977,6264
2020-12-05,60-69,3168,2687,5855
2020-12-05,50-59,2250,2018,4268
2020-12-05,40-49,1288,1241,2529
2020-12-05,30-39,696,1007,1703
2020-12-05,20-29,366,910,1276
2020-12-05,5-19,108,177,285
2020-12-05,0-4,50,51,101
2020-12-07,80+,2499,2905,5404
2020-12-07,70-79,3344,3008,6352
2020-12-07,60-69,3197,2710,5907
2020-12-07,50-59,2272,2032,4304
2020-12-07,40-49,1301,1249,2550
2020-12-07,30-39,701,1013,1714
2020-12-07,20-29,369,918,1287
2020-12-07,5-19,108,178,286
2020-12-07,0-4,50,52,102
2020-12-08,80+,2566,2999,5565
2020-12-08,70-79,3424,3095,6519
2020-12-08,60-69,3290,2780,6070
2020-12-08,50-59,2315,2089,4404
2020-12-08,40-49,1324,1282,2606
2020-12-08,30-39,723,1047,1770
2020-12-08,20-29,382,942,1324
2020-12-08,5-19,107,183,290
2020-12-08,0-4,51,54,105
2020-12-10,80+,2592,3039,5631
2020-12-10,70-79,3455,3121,6576
2020-12-10,60-69,3340,2820,6160
2020-12-10,50-59,2337,2106,4443
2020-12-10,40-49,1340,1301,2641
2020-12-10,30-39,729,1056,1785
2020-12-10,20-29,389,955,1344
2020-12-10,5-19,107,187,294
2020-12-10,0-4,52,54,106
2020-12-12,80+,2638,3121,5759
2020-12-12,70-79,3556,3206,6762
2020-12-12,60-69,3432,2913,6345
2020-12-12,50-59,2397,2159,4556
2020-12-12,40-49,1357,1332,2689
2020-12-12,30-39,739,1082,1821
2020-12-12,20-29,396,1001,1397
2020-12-12,5-19,110,192,302
2020-12-12,0-4,53,55,108
2020-12-13,80+,2690,3174,5864
2020-12-13,70-79,3607,3265,6872
2020-12-13,60-69,3495,2958,6453
2020-12-13,50-59,2436,2194,4630
2020-12-13,40-49,1378,1347,2725
2020-12-13,30-39,756,1098,1854
2020-12-13,20-29,400,1016,1416
2020-12-13,5-19,111,196,307
2020-12-13,0-4,53,55,108
2020-12-15,80+,2717,3195,5912
2020-12-15,70-79,3651,3291,6942
2020-12-15,60-69,3523,2977,6500
2020-12-15,50-59,2468,2211,4679
2020-12-15,40-49,1393,1366,2759
2020-12-15,30-39,759,1103,1862
2020-12-15,20-29,400,1020,1420
2020-12-15,5-19,111,203,314
2020-12-15,0-4,54,55,109
2020-12-16,80+,2741,3219,5960
2020-12-16,70-79,3684,3321,7005
2020-12-16,60-69,3549,3014,6563
2020-12-16,50-59,2490,2229,4719
2020-12-16,40-49,1395,1373,2768
2020-12-16,30-39,765,1105,1870
2020-12-16,20-29,401,1030,1431
2020-12-16,5-19,111,204,315
2020-12-16,0-4,54,55,109
2020-12-17,80+,2771,3243,6014
2020-12-17,70-79,3703,3354,7057
2020-12-17,60-69,3579,3039,6618
2020-12-17,50-59,2508,2232,4740
2020-12-17,40-49,1403,1388,2791
2020-12-17,30-39,766,1113,1879
2020-12-17,20-29,403,1036,1439
2020-12-17,5-19,113,207,320
2020-12-17,0-4,54,54,108
2020-12-18,80+,2812,3286,6098
2020-12-18,70-79,3764,3399,7163
2020-12-18,60-69,3634,3085,6719
2020-12-18,50-59,2554,2259,4813
2020-12-18,40-49,1415,1400,2815
2020-12-18,30-39,779,1135,1914
2020-12-18,20-29,401,1044,1445
2020-12-18,5-19,114,208,322
2020-12-18,0-4,56,56,112
2020-12-20,80+,2833,3316,6149
2020-12-20,70-79,3794,3417,7211
2020-12-20,60-69,3662,3105,6767
2020-12-20,50-59,2566,2270,4836
2020-12-20,40-49,1424,1406,2830
2020-12-20,30-39,785,1143,1928
2020-12-20,20-29,404,1055,1459
2020-12-20,5-19,115,210,325
2020-12-20,0-4,56,57,113
2020-12-21,80+,2861,3333,6194
2020-12-21,70-79,3823,3445,7268
2020-12-21,60-69,3678,3128,6806
2020-12-21,50-59,2581,2287,4868
2020-12-21,40-49,1437,1416,2853
2020-12-21,30-39,788,1155,1943
2020-12-21,20-29,405,1058,1463
2020-12-21,5-19,115,210,325
2020-12-21,0-4,54,57,111
2020-12-23,80+,2913,3386,6299
2020-12-23,70-79,3882,3499,7381
2020-12-23,60-69,3728,3167,6895
2020-12-23,50-59,2617,2314,4931
2020-12-23,40-49,1453,1437,2890
2020-12-23,30-39,795,1178,1973
2020-12-23,20-29,413,1081,1494
2020-12-23,5-19,117,212,329
2020-12-23,0-4,57,58,115
2020-12-24,80+,2934,3414,6348
2020-12-24,70-79,3913,3529,7442
2020-12-24,60-69,3748,3201,6949
2020-12-24,50-59,2635,2327,4962
2020-12-24,40-49,1461,1443,2904
2020-12-24,30-39,804,1184,1988
2020-12-24,20-29,413,1090,1503
2020-12-24,5-19,117,212,329
2020-12-24,0-4,57,58,115
2020-12-25,80+,2975,3460,6435
2020-12-25,70-79,3957,3576,7533
2020-12-25,60-69,3793,3239,7032
2020-12-25,50-59,2656,2346,5002
2020-12-25,40-49,1467,1456,2923
2020-12-25,30-39,806,1199,2005
2020-12-25,20-29,420,1097,1517
2020-12-25,5-19,117,211,328
2020-12-25,0-4,58,61,119
2020-12-27,80+,2993,3483,6476
2020-12-27,70-79,3994,3603,7597
2020-12-27,60-69,3822,3268,7090
2020-12-27,50-59,2677,2357,5034
2020-12-27,40-49,1471,1466,2937
2020-12-27,30-39,811,1215,2026
2020-12-27,20-29,425,1108,1533
2020-12-27,5-19,117,210,327
2020-12-27,0-4,58,61,119
2020-12-28,80+,3009,3487,6496
2020-12-28,70-79,4013,3621,7634
2020-12-28,60-69,3844,3288,7132
2020-12-28,50-59,2695,2362,5057
2020-12-28,40-49,1474,1470,2944
2020-12-28,30-39,819,1226,2045
2020-12-28,20-29,426,1117,1543
2020-12-28,5-19,118,213,331
2020-12-28,0-4,58,62,120
2020-12-29,80+,3053,3543,6596
2020-12-29,70-79,4067,3678,7745
2020-12-29,60-69,3900,3338,7238
2020-12-29,50-59,2724,2383,5107
2020-12-29,40-49,1488,1487,2975
2020-12-29,30-39,825,1249,2074
2020-12-29,20-29,429,1135,1564
2020-12-29,5-19,119,216,335
2020-12-29,0-4,59,62,121
2020-12-30,80+,3072,3574,6646
2020-12-30,70-79,4102,3689,7791
2020-12-30,60-69,3933,3359,7292
2020-12-30,50-59,2740,2394,5134
2020-12-30,40-49,1502,1498,3000
2020-12-30,30-39,830,1252,2082
2020-12-30,20-29,430,1144,1574
2020-12-30,5-19,118,219,337
2020-12-30,0-4,59,62,121
2020-12-31,80+,3093,3597,6690
2020-12-31,70-79,4121,3714,7835
2020-12-31,60-69,3958,3380,7338
2020-12-31,50-59,2762,2406,5168
2020-12-31,40-49,1504,1501,3005
2020-12-31,30-39,830,1268,2098
2020-12-31,20-29,437,1150,1587
2020-12-31,5-19,119,220,339
2020-12-31,0-4,60,62,122
2021-01-03,80+,3134,3647,6781
2021-01-03,70-79,4178,3765,7943
2021-01-03,60-69,4004,3422,7426
2021-01-03,50-59,2783,2440,5223
2021-01-03,40-49,1517,1520,3037
2021-01-03,30-39,841,1279,2120
2021-01-03,20-29,444,1157,1601
2021-01-03,5-19,122,223,345
2021-01-03,0-4,64,63,127
2021-01-05,80+,3178,3687,6865
2021-01-05,70-79,4240,3811,8051
2021-01-05,60-69,4061,3473,7534
2021-01-05,50-59,2823,2474,5297
2021-01-05,40-49,1532,1529,3061
2021-01-05,30-39,848,1304,2152
2021-01-05,20-29,446,1173,1619
2021-01-05,5-19,124,227,351
2021-01-05,0-4,64,64,128
2021-01-06,80+,3206,3714,6920
2021-01-06,70-79,4260,3827,8087
2021-01-06,60-69,4074,3501,7575
2021-01-06,50-59,2831,2482,5313
2021-01-06,40-49,1536,1532,3068
2021-01-06,30-39,852,1311,2163
2021-01-06,20-29,449,1179,1628
2021-01-06,5-19,126,231,357
2021-01-06,0-4,65,65,130
2021-01-07,80+,3240,3766,7006
2021-01-07,70-79,4309,3878,8187
2021-01-07,60-69,4106,3553,7659
2021-01-07,50-59,2856,2511,5367
2021-01-07,40-49,1555,1552,3107
2021-01-07,30-39,864,1320,2184
2021-01-07,20-29,452,1204,1656
2021-01-07,5-19,124,231,355
2021-01-07,0-4,67,66,133
2021-01-09,80+,3260,3780,7040
2021-01-09,70-79,4323,3909,8232
2021-01-09,60-69,4131,3564,7695
2021-01-09,50-59,2868,2528,5396
2021-01-09,40-49,1560,1561,3121
2021-01-09,30-39,867,1326,2193
2021-01-09,20-29,455,1209,1664
2021-01-09,5-19,125,231,356
2021-01-09,0-4,68,66,134
2021-01-11,80+,3292,3815,7107
2021-01-11,70-79,4360,3953,8313
2021-01-11,60-69,4161,3606,7767
2021-01-11,50-59,2889,2548,5437
2021-01-11,40-49,1571,1574,3145
2021-01-11,30-39,873,1335,2208
2021-01-11,20-29,459,1215,1674
2021-01-11,5-19,126,233,359
2021-01-11,0-4,67,67,134
2021-01-13,80+,3314,3864,7178
2021-01-13,70-79,4416,3996,8412
2021-01-13,60-69,4217,3629,7846
2021-01-13,50-59,2917,2553,5470
2021-01-13,40-49,1587,1589,3176
2021-01-13,30-39,883,1352,2235
2021-01-13,20-29,468,1225,1693
2021-01-13,5-19,125,233,358
2021-01-13,0-4,69,68,137
2021-01-14,80+,3338,3883,7221
2021-01-14,70-79,4435,4000,8435
2021-01-14,60-69,4231,3644,7875
2021-01-14,50-59,2931,2571,5502
2021-01-14,40-49,1592,1600,3192
2021-01-14,30-39,888,1357,2245
2021-01-14,20-29,468,1232,1700
2021-01-14,5-19,127,235,362
2021-01-14,0-4,70,69,139
2021-01-16,80+,3371,3922,7293
2021-01-16,70-79,4500,4043,8543
2021-01-16,60-69,4282,3667,7949
2021-01-16,50-59,2952,2597,5549
2021-01-16,40-49,1605,1607,3212
2021-01-16,30-39,905,1365,2270
2021-01-16,20-29,473,1252,1725
2021-01-16,5-19,127,238,365
2021-01-16,0-4,72,71,143
2021-01-17,80+,3380,3935,7315
2021-01-17,70-79,4514,4059,8573
2021-01-17,60-69,4293,3687,7980
2021-01-17,50-59,2967,2596,5563
2021-01-17,40-49,1610,1613,3223
2021-01-17,30-39,908,1368,2276
2021-01-17,20-29,475,1262,1737
2021-01-17,5-19,128,240,368
2021-01-17,0-4,73,71,144
2021-01-18,80+,3393,3951,7344
2021-01-18,70-79,4531,4069,8600
2021-01-18,60-69,4313,3695,8008
2021-01-18,50-59,2977,2605,5582
2021-01-18,40-49,1618,1618,3236
2021-01-18,30-39,914,1372,2286
2021-01-18,20-29,477,1268,1745
2021-01-18,5-19,130,243,373
2021-01-18,0-4,71,72,143
2021-01-19,80+,3426,3976,7402
2021-01-19,70-79,4565,4105,8670
2021-01-19,60-69,4349,3726,8075
2021-01-19,50-59,3000,2626,5626
2021-01-19,40-49,1630,1626,3256
2021-01-19,30-39,921,1386,2307
2021-01-19,20-29,475,1274,1749
2021-01-19,5-19,133,245,378
2021-01-19,0-4,74,71,145
2021-01-21,80+,3445,3999,7444
2021-01-21,70-79,4580,4127,8707
2021-01-21,60-69,4361,3745,8106
2021-01-21,50-59,3009,2633,5642
2021-01-21,40-49,1637,1632,3269
2021-01-21,30-39,925,1394,2319
2021-01-21,20-29,477,1281,1758
2021-01-21,5-19,134,249,383
2021-01-21,0-4,74,71,145
2021-01-22,80+,3466,4015,7481
2021-01-22,70-79,4597,4151,8748
2021-01-22,60-69,4387,3759,8146
2021-01-22,50-59,3026,2644,5670
2021-01-22,40-49,1648,1638,3286
2021-01-22,30-39,926,1401,2327
2021-01-22,20-29,476,1288,1764
2021-01-22,5-19,135,250,385
2021-01-22,0-4,74,73,147
2021-01-23,80+,3480,4034,7514
2021-01-23,70-79,4613,4171,8784
2021-01-23,60-69,4410,3763,8173
2021-01-23,50-59,3041,2655,5696
2021-01-23,40-49,1654,1643,3297
2021-01-23,30-39,933,1405,2338
2021-01-23,20-29,476,1292,1768
2021-01-23,5-19,135,249,384
2021-01-23,0-4,73,72,145
2021-01-24,80+,3488,4046,7534
2021-01-24,70-79,4623,4181,8804
2021-01-24,60-69,4421,3776,8197
2021-01-24,50-59,3049,2660,5709
2021-01-24,40-49,1661,1648,3309
2021-01-24,30-39,933,1408,2341
2021-01-24,20-29,477,1294,1771
2021-01-24,5-19,138,251,389
2021-01-24,0-4,74,73,147
2021-01-25,80+,3494,4060,7554
2021-01-25,70-79,4636,4196,8832
2021-01-25,60-69,4428,3785,8213
2021-01-25,50-59,3063,2664,5727
2021-01-25,40-49,1660,1651,3311
2021-01-25,30-39,933,1412,2345
2021-01-25,20-29,479,1300,1779
2021-01-25,5-19,137,253,390
2021-01-25,0-4,75,73,148
2021-01-26,80+,3505,4074,7579
2021-01-26,70-79,4659,4208,8867
2021-01-26,60-69,4446,3807,8253
2021-01-26,50-59,3070,2667,5737
2021-01-26,40-49,1668,1654,3322
2021-01-26,30-39,936,1417,2353
2021-01-26,20-29,480,1307,1787
2021-01-26,5-19,135,255,390
2021-01-26,0-4,75,75,150
2021-01-27,80+,3515,4087,7602
2021-01-27,70-79,4676,4222,8898
2021-01-27,60-69,4459,3821,8280
2021-01-27,50-59,3079,2676,5755
2021-01-27,40-49,1673,1660,3333
2021-01-27,30-39,941,1422,2363
2021-01-27,20-29,483,1310,1793
2021-01-27,5-19,135,256,391
2021-01-27,0-4,75,75,150
2021-01-28,80+,3530,4100,7630
2021-01-28,70-79,4687,4230,8917
2021-01-28,60-69,4470,3838,8308
2021-01-28,50-59,3083,2683,5766
2021-01-28,40-49,1679,1662,3341
2021-01-28,30-39,945,1428,2373
2021-01-28,20-29,484,1317,1801
2021-01-28,5-19,135,259,394
2021-01-28,0-4,76,73,149
2021-01-30,80+,3550,4127,7677
2021-01-30,70-79,4715,4254,8969
2021-01-30,60-69,4490,3857,8347
2021-01-30,50-59,3100,2700,5800
2021-01-30,40-49,1694,1670,3364
2021-01-30,30-39,946,1444,2390
2021-01-30,20-29,485,1325,1810
2021-01-30,5-19,137,263,400
2021-01-30,0-4,78,73,151
2021-01-31,80+,3552,4134,7686
2021-01-31,70-79,4729,4262,8991
2021-01-31,60-69,4504,3870,8374
2021-01-31,50-59,3106,2704,5810
2021-01-31,40-49,1695,1672,3367
2021-01-31,30-39,950,1440,2390
2021-01-31,20-29,486,1327,1813
2021-01-31,5-19,137,263,400
2021-01-31,0-4,79,73,152
2021-02-02,80+,3573,4162,7735
2021-02-02,70-79,4759,4282,9041
2021-02-02,60-69,4524,3893,8417
2021-02-02,50-59,3122,2713,5835
2021-02-02,40-49,1703,1686,3389
2021-02-02,30-39,955,1443,2398
2021-02-02,20-29,486,1334,1820
2021-02-02,5-19,138,262,400
2021-02-02,0-4,79,74,153
2021-02-03,80+,3584,4169,7753
2021-02-03,70-79,4770,4296,9066
2021-02-03,60-69,4534,3903,8437
2021-02-03,50-59,3127,2714,5841
2021-02-03,40-49,1709,1688,3397
2021-02-03,30-39,956,1450,2406
2021-02-03,20-29,488,1343,1831
2021-02-03,5-19,139,262,401
2021-02-03,0-4,79,73,152
2021-02-04,80+,3589,4178,7767
2021-02-04,70-79,4782,4303,9085
2021-02-04,60-69,4549,3907,8456
2021-02-04,50-59,3136,2722,5858
2021-02-04,40-49,1712,1695,3407
2021-02-04,30-39,959,1453,2412
2021-02-04,20-29,489,1352,1841
2021-02-04,5-19,139,264,403
2021-02-04,0-4,79,73,152
2021-02-05,80+,3598,4188,7786
2021-02-05,70-79,4795,4318,9113
2021-02-05,60-69,4563,3922,8485
2021-02-05,50-59,3139,2728,5867
2021-02-05,40-49,1715,1702,3417
2021-02-05,30-39,958,1456,2414
2021-02-05,20-29,488,1354,1842
2021-02-05,5-19,140,266,406
2021-02-05,0-4,79,73,152
2021-02-06,80+,3606,4194,7800
2021-02-06,70-79,4798,4323,9121
2021-02-06,60-69,4575,3931,8506
2021-02-06,50-59,3145,2733,5878
2021-02-06,40-49,1720,1707,3427
2021-02-06,30-39,962,1459,2421
2021-02-06,20-29,489,1358,1847
2021-02-06,5-19,142,264,406
2021-02-06,0-4,79,74,153
2021-02-07,80+,3612,4201,7813
2021-02-07,70-79,4805,4330,9135
2021-02-07,60-69,4581,3933,8514
2021-02-07,50-59,3155,2737,5892
2021-02-07,40-49,1720,1709,3429
2021-02-07,30-39,963,1464,2427
2021-02-07,20-29,493,1358,1851
2021-02-07,5-19,142,264,406
2021-02-07,0-4,79,74,153
2021-02-08,80+,3623,4221,7844
2021-02-08,70-79,4834,4344,9178
2021-02-08,60-69,4593,3952,8545
2021-02-08,50-59,3164,2748,5912
2021-02-08,40-49,1727,1719,3446
2021-02-08,30-39,962,1468,2430
2021-02-08,20-29,492,1373,1865
2021-02-08,5-19,145,266,411
2021-02-08,0-4,79,74,153
2021-02-10,80+,3635,4229,7864
2021-02-10,70-79,4843,4352,9195
2021-02-10,60-69,4597,3960,8557
2021-02-10,50-59,3167,2753,5920
2021-02-10,40-49,1728,1728,3456
2021-02-10,30-39,965,1473,2438
2021-02-10,20-29,492,1377,1869
2021-02-10,5-19,144,266,410
2021-02-10,0-4,79,74,153
2021-02-11,80+,3640,4237,7877
2021-02-11,70-79,4847,4364,9211
2021-02-11,60-69,4605,3962,8567
2021-02-11,50-59,3176,2759,5935
2021-02-11,40-49,1732,1730,3462
2021-02-11,30-39,967,1481,2448
2021-02-11,20-29,492,1381,1873
2021-02-11,5-19,145,268,413
2021-02-11,0-4,79,74,153
2021-02-12,80+,3649,4241,7890
2021-02-12,70-79,4862,4368,9230
2021-02-12,60-69,4613,3968,8581
2021-02-12,50-59,3180,2766,5946
2021-02-12,40-49,1731,1738,3469
2021-02-12,30-39,966,1486,2452
2021-02-12,20-29,492,1381,1873
2021-02-12,5-19,146,268,414
2021-02-12,0-4,79,74,153
2021-02-13,80+,3657,4248,7905
2021-02-13,70-79,4864,4366,9230
2021-02-13,60-69,4622,3977,8599
2021-02-13,50-59,3185,2767,5952
2021-02-13,40-49,1732,1737,3469
2021-02-13,30-39,967,1487,2454
2021-02-13,20-29,495,1389,1884
2021-02-13,5-19,148,266,414
2021-02-13,0-4,80,76,156
2021-02-15,80+,3660,4262,7922
2021-02-15,70-79,4885,4377,9262
2021-02-15,60-69,4632,3987,8619
2021-02-15,50-59,3195,2775,5970
2021-02-15,40-49,1741,1738,3479
2021-02-15,30-39,970,1491,2461
2021-02-15,20-29,501,1391,1892
2021-02-15,5-19,147,267,414
2021-02-15,0-4,80,77,157
2021-02-16,80+,3675,4281,7956
2021-02-16,70-79,4901,4390,9291
2021-02-16,60-69,4660,4007,8667
2021-02-16,50-59,3202,2788,5990
2021-02-16,40-49,1752,1752,3504
2021-02-16,30-39,974,1502,2476
2021-02-16,20-29,501,1412,1913
2021-02-16,5-19,149,271,420
2021-02-16,0-4,80,76,156
2021-02-17,80+,3695,4308,8003
2021-02-17,70-79,4928,4411,9339
2021-02-17,60-69,4684,4026,8710
2021-02-17,50-59,3221,2811,6032
2021-02-17,40-49,1768,1766,3534
2021-02-17,30-39,983,1522,2505
2021-02-17,20-29,510,1428,1938
2021-02-17,5-19,151,271,422
2021-02-17,0-4,79,77,156
2021-02-18,80+,3700,4324,8024
2021-02-18,70-79,4943,4427,9370
2021-02-18,60-69,4700,4044,8744
2021-02-18,50-59,3241,2818,6059
2021-02-18,40-49,1781,1772,3553
2021-02-18,30-39,991,1532,2523
2021-02-18,20-29,512,1435,1947
2021-02-18,5-19,151,271,422
2021-02-18,0-4,80,78,158
2021-02-19,80+,3708,4330,8038
2021-02-19,70-79,4952,4439,9391
2021-02-19,60-69,4708,4051,8759
2021-02-19,50-59,3248,2819,6067
2021-02-19,40-49,1781,1780,3561
2021-02-19,30-39,997,1535,2532
2021-02-19,20-29,515,1440,1955
2021-02-19,5-19,151,274,425
2021-02-19,0-4,80,78,158
2021-02-20,80+,3715,4333,8048
2021-02-20,70-79,4954,4439,9393
2021-02-20,60-69,4715,4057,8772
2021-02-20,50-59,3253,2820,6073
2021-02-20,40-49,1783,1778,3561
2021-02-20,30-39,997,1538,2535
2021-02-20,20-29,517,1445,1962
2021-02-20,5-19,151,272,423
2021-02-20,0-4,80,78,158
2021-02-21,80+,3717,4337,8054
2021-02-21,70-79,4960,4446,9406
2021-02-21,60-69,4725,4064,8789
2021-02-21,50-59,3257,2826,6083
2021-02-21,40-49,1786,1781,3567
2021-02-21,30-39,998,1541,2539
2021-02-21,20-29,518,1448,1966
2021-02-21,5-19,152,272,424
2021-02-21,0-4,80,78,158
2021-02-23,80+,3726,4346,8072
2021-02-23,70-79,4974,4454,9428
2021-02-23,60-69,4726,4067,8793
2021-02-23,50-59,3269,2835,6104
2021-02-23,40-49,1789,1783,3572
2021-02-23,30-39,1006,1543,2549
2021-02-23,20-29,522,1462,1984
2021-02-23,5-19,155,275,430
2021-02-23,0-4,80,77,157
2021-02-24,80+,3731,4346,8077
2021-02-24,70-79,4976,4462,9438
2021-02-24,60-69,4735,4085,8820
2021-02-24,50-59,3276,2836,6112
2021-02-24,40-49,1791,1788,3579
2021-02-24,30-39,1008,1546,2554
2021-02-24,20-29,523,1469,1992
2021-02-24,5-19,154,277,431
2021-02-24,0-4,80,78,158
2021-02-25,80+,3729,4351,8080
2021-02-25,70-79,4991,4468,9459
2021-02-25,60-69,4736,4086,8822
2021-02-25,50-59,3279,2835,6114
2021-02-25,40-49,1795,1786,3581
2021-02-25,30-39,1009,1547,2556
2021-02-25,20-29,522,1468,1990
2021-02-25,5-19,155,279,434
2021-02-25,0-4,81,78,159
2021-02-26,80+,3726,4360,8086
2021-02-26,70-79,4997,4473,9470
2021-02-26,60-69,4741,4082,8823
2021-02-26,50-59,3279,2838,6117
2021-02-26,40-49,1796,1791,3587
2021-02-26,30-39,1010,1551,2561
2021-02-26,20-29,521,1471,1992
2021-02-26,5-19,153,280,433
2021-02-26,0-4,81,78,159
2021-02-28,80+,3737,4366,8103
2021-02-28,70-79,5000,4483,9483
2021-02-28,60-69,4746,4086,8832
2021-02-28,50-59,3283,2844,6127
2021-02-28,40-49,1796,1793,3589
2021-02-28,30-39,1012,1556,2568
2021-02-28,20-29,524,1471,1995
2021-02-28,5-19,155,281,436
2021-02-28,0-4,81,78,159
2021-03-01,80+,3741,4369,8110
2021-03-01,70-79,5006,4490,9496
2021-03-01,60-69,4745,4091,8836
2021-03-01,50-59,3284,2844,6128
2021-03-01,40-49,1799,1796,3595
2021-03-01,30-39,1016,1560,2576
2021-03-01,20-29,524,1472,1996
2021-03-01,5-19,154,280,434
2021-03-01,0-4,81,77,158
2021-03-03,80+,3751,4380,8131
2021-03-03,70-79,5010,4508,9518
2021-03-03,60-69,4768,4109,8877
2021-03-03,50-59,3293,2853,6146
2021-03-03,40-49,1805,1797,3602
2021-03-03,30-39,1018,1570,2588
2021-03-03,20-29,527,1482,2009
2021-03-03,5-19,156,281,437
2021-03-03,0-4,82,78,160
2021-03-04,80+,3760,4388,8148
2021-03-04,70-79,5030,4519,9549
2021-03-04,60-69,4779,4122,8901
2021-03-04,50-59,3304,2874,6178
2021-03-04,40-49,1812,1805,3617
2021-03-04,30-39,1022,1580,2602
2021-03-04,20-29,527,1487,2014
2021-03-04,5-19,157,285,442
2021-03-04,0-4,83,78,161
2021-03-06,80+,3762,4388,8150
2021-03-06,70-79,5038,4521,9559
2021-03-06,60-69,4791,4124,8915
2021-03-06,50-59,3310,2877,6187
2021-03-06,40-49,1810,1806,3616
2021-03-06,30-39,1025,1588,2613
2021-03-06,20-29,529,1487,2016
2021-03-06,5-19,159,285,444
2021-03-06,0-4,83,78,161
2021-03-07,80+,3762,4396,8158
2021-03-07,70-79,5042,4530,9572
2021-03-07,60-69,4798,4129,8927
2021-03-07,50-59,3311,2889,6200
2021-03-07,40-49,1813,1803,3616
2021-03-07,30-39,1027,1596,2623
2021-03-07,20-29,530,1492,2022
2021-03-07,5-19,161,285,446
2021-03-07,0-4,83,77,160
2021-03-08,80+,3765,4399,8164
2021-03-08,70-79,5049,4535,9584
2021-03-08,60-69,4797,4135,8932
2021-03-08,50-59,3315,2891,6206
2021-03-08,40-49,1820,1803,3623
2021-03-08,30-39,1028,1598,2626
2021-03-08,20-29,533,1493,2026
2021-03-08,5-19,159,285,444
2021-03-08,0-4,84,77,161
2021-03-09,80+,4102,4803,8905
2021-03-09,70-79,5477,4945,10422
2021-03-09,60-69,5189,4467,9656
2021-03-09,50-59,3564,3122,6686
2021-03-09,40-49,1966,1958,3924
2021-03-09,30-39,1108,1747,2855
2021-03-09,20-29,578,1645,2223
2021-03-09,5-19,182,334,516
2021-03-09,0-4,89,88,177
2021-03-11,80+,4106,4809,8915
2021-03-11,70-79,5485,4945,10430
2021-03-11,60-69,5203,4467,9670
2021-03-11,50-59,3571,3125,6696
2021-03-11,40-49,1966,1962,3928
2021-03-11,30-39,1110,1749,2859
2021-03-11,20-29,578,1652,2230
2021-03-11,5-19,183,334,517
2021-03-11,0-4,89,88,177
2021-03-12,80+,4112,4813,8925
2021-03-12,70-79,5489,4944,10433
2021-03-12,60-69,5207,4473,9680
2021-03-12,50-59,3574,3129,6703
2021-03-12,40-49,1971,1964,3935
2021-03-12,30-39,1111,1755,2866
2021-03-12,20-29,575,1661,2236
2021-03-12,5-19,184,331,515
2021-03-12,0-4,89,88,177
2021-03-13,80+,4118,4814,8932
2021-03-13,70-79,5490,4943,10433
2021-03-13,60-69,5210,4475,9685
2021-03-13,50-59,3576,3132,6708
2021-03-13,40-49,1975,1967,3942
2021-03-13,30-39,1112,1761,2873
2021-03-13,20-29,574,1662,2236
2021-03-13,5-19,183,333,516
2021-03-13,0-4,89,89,178
2021-03-14,80+,4120,4815,8935
2021-03-14,70-79,5498,4944,10442
2021-03-14,60-69,5213,4482,9695
2021-03-14,50-59,3580,3136,6716
2021-03-14,40-49,1977,1967,3944
2021-03-14,30-39,1113,1764,2877
2021-03-14,20-29,575,1658,2233
2021-03-14,5-19,182,334,516
2021-03-14,0-4,89,88,177
2021-03-15,80+,4126,4821,8947
2021-03-15,70-79,5503,4946,10449
2021-03-15,60-69,5215,4478,9693
2021-03-15,50-59,3583,3138,6721
2021-03-15,40-49,1978,1970,3948
2021-03-15,30-39,1113,1761,2874
2021-03-15,20-29,576,1653,2229
2021-03-15,5-19,182,336,518
2021-03-15,0-4,89,88,177
2021-03-16,80+,4127,4825,8952
2021-03-16,70-79,5508,4947,10455
2021-03-16,60-69,5221,4479,9700
2021-03-16,50-59,3589,3147,6736
2021-03-16,40-49,1980,1975,3955
2021-03-16,30-39,1112,1765,2877
2021-03-16,20-29,578,1657,2235
2021-03-16,5-19,182,337,519
2021-03-16,0-4,90,89,179
2021-03-18,80+,4138,4848,8986
2021-03-18,70-79,5534,4974,10508
2021-03-18,60-69,5249,4511,9760
2021-03-18,50-59,3617,3176,6793
2021-03-18,40-49,1992,1982,3974
2021-03-18,30-39,1111,1783,2894
2021-03-18,20-29,582,1677,2259
2021-03-18,5-19,182,334,516
2021-03-18,0-4,91,89,180
2021-03-20,80+,4201,4929,9130
2021-03-20,70-79,5599,5052,10651
2021-03-20,60-69,5353,4574,9927
2021-03-20,50-59,3664,3227,6891
2021-03-20,40-49,2021,2014,4035
2021-03-20,30-39,1127,1809,2936
2021-03-20,20-29,591,1714,2305
2021-03-20,5-19,186,341,527
2021-03-20,0-4,93,90,183
2021-03-21,80+,4247,4984,9231
2021-03-21,70-79,5644,5101,10745
2021-03-21,60-69,5417,4633,10050
2021-03-21,50-59,3713,3260,6973
2021-03-21,40-49,2049,2043,4092
2021-03-21,30-39,1143,1841,2984
2021-03-21,20-29,603,1755,2358
2021-03-21,5-19,189,363,552
2021-03-21,0-4,95,91,186
2021-03-22,80+,4546,5396,9942
2021-03-22,70-79,6006,5484,11490
2021-03-22,60-69,5777,4976,10753
2021-03-22,50-59,3986,3500,7486
2021-03-22,40-49,2170,2216,4386
2021-03-22,30-39,1218,1969,3187
2021-03-22,20-29,652,1906,2558
2021-03-22,5-19,216,405,621
2021-03-22,0-4,103,100,203
2021-03-23,80+,4550,5412,9962
2021-03-23,70-79,6022,5486,11508
2021-03-23,60-69,5777,4998,10775
2021-03-23,50-59,3993,3510,7503
2021-03-23,40-49,2176,2219,4395
2021-03-23,30-39,1221,1980,3201
2021-03-23,20-29,653,1922,2575
2021-03-23,5-19,218,402,620
2021-03-23,0-4,103,100,203
2021-03-24,80+,4554,5418,9972
2021-03-24,70-79,6028,5500,11528
2021-03-24,60-69,5798,5009,10807
2021-03-24,50-59,3996,3518,7514
2021-03-24,40-49,2178,2225,4403
2021-03-24,30-39,1231,1985,3216
2021-03-24,20-29,657,1933,2590
2021-03-24,5-19,219,402,621
2021-03-24,0-4,103,101,204
2021-03-26,80+,4566,5433,9999
2021-03-26,70-79,6042,5513,11555
2021-03-26,60-69,5820,5023,10843
2021-03-26,50-59,4010,3531,7541
2021-03-26,40-49,2196,2238,4434
2021-03-26,30-39,1238,1997,3235
2021-03-26,20-29,661,1952,2613
2021-03-26,5-19,224,402,626
2021-03-26,0-4,105,101,206
2021-03-27,80+,4571,5440,10011
2021-03-27,70-79,6050,5513,11563
2021-03-27,60-69,5829,5031,10860
2021-03-27,50-59,4017,3537,7554
2021-03-27,40-49,2200,2245,4445
2021-03-27,30-39,1242,2012,3254
2021-03-27,20-29,660,1958,2618
2021-03-27,5-19,225,407,632
2021-03-27,0-4,105,101,206
2021-03-29,80+,4582,5454,10036
2021-03-29,70-79,6063,5522,11585
2021-03-29,60-69,5839,5046,10885
2021-03-29,50-59,4021,3547,7568
2021-03-29,40-49,2206,2255,4461
2021-03-29,30-39,1240,2017,3257
2021-03-29,20-29,663,1964,2627
2021-03-29,5-19,225,407,632
2021-03-29,0-4,105,102,207
2021-03-31,80+,4592,5463,10055
2021-03-31,70-79,6073,5540,11613
2021-03-31,60-69,5860,5062,10922
2021-03-31,50-59,4038,3555,7593
2021-03-31,40-49,2214,2263,4477
2021-03-31,30-39,1247,2025,3272
2021-03-31,20-29,666,1965,2631
2021-03-31,5-19,227,404,631
2021-03-31,0-4,105,103,208
2021-04-01,80+,4599,5477,10076
2021-04-01,70-79,6074,5568,11642
2021-04-01,60-69,5880,5065,10945
2021-04-01,50-59,4066,3571,7637
2021-04-01,40-49,2227,2275,4502
2021-04-01,30-39,1255,2039,3294
2021-04-01,20-29,668,1982,2650
2021-04-01,5-19,225,410,635
2021-04-01,0-4,105,102,207
2021-04-02,80+,4601,5483,10084
2021-04-02,70-79,6079,5574,11653
2021-04-02,60-69,5880,5073,10953
2021-04-02,50-59,4071,3590,7661
2021-04-02,40-49,2232,2285,4517
2021-04-02,30-39,1258,2044,3302
2021-04-02,20-29,677,1982,2659
2021-04-02,5-19,224,410,634
2021-04-02,0-4,105,102,207
2021-04-04,80+,4608,5489,10097
2021-04-04,70-79,6087,5576,11663
2021-04-04,60-69,5896,5086,10982
2021-04-04,50-59,4078,3593,7671
2021-04-04,40-49,2237,2291,4528
2021-04-04,30-39,1264,2053,3317
2021-04-04,20-29,681,1988,2669
2021-04-04,5-19,228,412,640
2021-04-04,0-4,105,104,209
2021-04-05,80+,4614,5491,10105
2021-04-05,70-79,6087,5584,11671
2021-04-05,60-69,5904,5085,10989
2021-04-05,50-59,4086,3600,7686
2021-04-05,40-49,2242,2296,4538
2021-04-05,30-39,1265,2066,3331
2021-04-05,20-29,680,1991,2671
2021-04-05,5-19,229,413,642
2021-04-05,0-4,104,103,207
2021-04-06,80+,4621,5496,10117
2021-04-06,70-79,6093,5594,11687
2021-04-06,60-69,5923,5109,11032
2021-04-06,50-59,4092,3609,7701
2021-04-06,40-49,2255,2304,4559
2021-04-06,30-39,1271,2065,3336
2021-04-06,20-29,682,1998,2680
2021-04-06,5-19,230,413,643
2021-04-06,0-4,106,103,209
2021-04-07,80+,4630,5503,10133
2021-04-07,70-79,6102,5601,11703
2021-04-07,60-69,5935,5120,11055
2021-04-07,50-59,4103,3623,7726
2021-04-07,40-49,2268,2309,4577
2021-04-07,30-39,1276,2079,3355
2021-04-07,20-29,686,2015,2701
2021-04-07,5-19,232,416,648
2021-04-07,0-4,106,103,209
2021-04-08,80+,4639,5508,10147
2021-04-08,70-79,6109,5611,11720
2021-04-08,60-69,5958,5139,11097
2021-04-08,50-59,4121,3628,7749
2021-04-08,40-49,2269,2317,4586
2021-04-08,30-39,1279,2102,3381
2021-04-08,20-29,688,2022,2710
2021-04-08,5-19,231,420,651
2021-04-08,0-4,110,105,215
2021-04-09,80+,4645,5519,10164
2021-04-09,70-79,6121,5626,11747
2021-04-09,60-69,5957,5154,11111
2021-04-09,50-59,4126,3633,7759
2021-04-09,40-49,2279,2326,4605
2021-04-09,30-39,1278,2111,3389
2021-04-09,20-29,689,2029,2718
2021-04-09,5-19,231,422,653
2021-04-09,0-4,110,105,215
2021-04-10,80+,4651,5536,10187
2021-04-10,70-79,6129,5634,11763
2021-04-10,60-69,5976,5172,11148
2021-04-10,50-59,4149,3648,7797
2021-04-10,40-49,2291,2332,4623
2021-04-10,30-39,1286,2122,3408
2021-04-10,20-29,689,2037,2726
2021-04-10,5-19,230,424,654
2021-04-10,0-4,110,107,217
2021-04-11,80+,4655,5544,10199
2021-04-11,70-79,6139,5641,11780
2021-04-11,60-69,5974,5182,11156
2021-04-11,50-59,4160,3666,7826
2021-04-11,40-49,2303,2336,4639
2021-04-11,30-39,1289,2131,3420
2021-04-11,20-29,690,2042,2732
2021-04-11,5-19,232,427,659
2021-04-11,0-4,110,106,216
2021-04-14,80+,4673,5560,10233
2021-04-14,70-79,6157,5660,11817
2021-04-14,60-69,6011,5206,11217
2021-04-14,50-59,4189,3699,7888
2021-04-14,40-49,2331,2360,4691
2021-04-14,30-39,1302,2158,3460
2021-04-14,20-29,697,2063,2760
2021-04-14,5-19,235,433,668
2021-04-14,0-4,110,108,218
2021-04-15,80+,4674,5565,10239
2021-04-15,70-79,6167,5665,11832
2021-04-15,60-69,6019,5213,11232
2021-04-15,50-59,4203,3712,7915
2021-04-15,40-49,2333,2360,4693
2021-04-15,30-39,1305,2158,3463
2021-04-15,20-29,699,2070,2769
2021-04-15,5-19,235,434,669
2021-04-15,0-4,111,108,219
2021-04-16,80+,4681,5576,10257
2021-04-16,70-79,6176,5665,11841
2021-04-16,60-69,6029,5229,11258
2021-04-16,50-59,4205,3717,7922
2021-04-16,40-49,2338,2372,4710
2021-04-16,30-39,1308,2167,3475
2021-04-16,20-29,702,2082,2784
2021-04-16,5-19,237,436,673
2021-04-16,0-4,112,109,221
2021-04-17,80+,4686,5589,10275
2021-04-17,70-79,6184,5670,11854
2021-04-17,60-69,6040,5238,11278
2021-04-17,50-59,4215,3723,7938
2021-04-17,40-49,2340,2375,4715
2021-04-17,30-39,1315,2175,3490
2021-04-17,20-29,705,2089,2794
2021-04-17,5-19,238,439,677
2021-04-17,0-4,111,109,220
2021-04-19,80+,4695,5603,10298
2021-04-19,70-79,6192,5686,11878
2021-04-19,60-69,6058,5257,11315
2021-04-19,50-59,4228,3739,7967
2021-04-19,40-49,2360,2394,4754
2021-04-19,30-39,1324,2181,3505
2021-04-19,20-29,705,2103,2808
2021-04-19,5-19,239,441,680
2021-04-19,0-4,111,110,221
2021-04-20,80+,4698,5608,10306
2021-04-20,70-79,6200,5697,11897
2021-04-20,60-69,6065,5268,11333
2021-04-20,50-59,4231,3749,7980
2021-04-20,40-49,2363,2406,4769
2021-04-20,30-39,1328,2193,3521
2021-04-20,20-29,706,2107,2813
2021-04-20,5-19,241,444,685
2021-04-20,0-4,111,111,222
2021-04-22,80+,4707,5614,10321
2021-04-22,70-79,6213,5713,11926
2021-04-22,60-69,6084,5300,11384
2021-04-22,50-59,4253,3774,8027
2021-04-22,40-49,2366,2433,4799
2021-04-22,30-39,1333,2212,3545
2021-04-22,20-29,712,2117,2829
2021-04-22,5-19,242,448,690
2021-04-22,0-4,111,111,222
2021-04-24,80+,4715,5622,10337
2021-04-24,70-79,6224,5729,11953
2021-04-24,60-69,6101,5331,11432
2021-04-24,50-59,4265,3803,8068
2021-04-24,40-49,2378,2441,4819
2021-04-24,30-39,1343,2221,3564
2021-04-24,20-29,710,2137,2847
2021-04-24,5-19,245,448,693
2021-04-24,0-4,111,113,224
2021-04-26,80+,4722,5632,10354
2021-04-26,70-79,6241,5749,11990
2021-04-26,60-69,6116,5353,11469
2021-04-26,50-59,4282,3819,8101
2021-04-26,40-49,2384,2457,4841
2021-04-26,30-39,1348,2244,3592
2021-04-26,20-29,716,2144,2860
2021-04-26,5-19,247,448,695
2021-04-26,0-4,113,113,226
2021-04-27,80+,4737,5649,10386
2021-04-27,70-79,6254,5763,12017
2021-04-27,60-69,6130,5378,11508
2021-04-27,50-59,4318,3838,8156
2021-04-27,40-49,2395,2476,4871
2021-04-27,30-39,1358,2267,3625
2021-04-27,20-29,723,2149,2872
2021-04-27,5-19,249,448,697
2021-04-27,0-4,115,114,229
2021-04-28,80+,4740,5652,10392
2021-04-28,70-79,6265,5769,12034
2021-04-28,60-69,6145,5393,11538
2021-04-28,50-59,4331,3843,8174
2021-04-28,40-49,2397,2482,4879
2021-04-28,30-39,1365,2273,3638
2021-04-28,20-29,728,2163,2891
2021-04-28,5-19,249,448,697
2021-04-28,0-4,116,115,231
2021-04-30,80+,4740,5648,10388
2021-04-30,70-79,6274,5784,12058
2021-04-30,60-69,6146,5398,11544
2021-04-30,50-59,4343,3850,8193
2021-04-30,40-49,2408,2491,4899
2021-04-30,30-39,1372,2289,3661
2021-04-30,20-29,730,2171,2901
2021-04-30,5-19,248,449,697
2021-04-30,0-4,116,117,233
2021-05-01,80+,4764,5662,10426
2021-05-01,70-79,6279,5792,12071
2021-05-01,60-69,6158,5422,11580
2021-05-01,50-59,4370,3867,8237
2021-05-01,40-49,2424,2518,4942
2021-05-01,30-39,1384,2288,3672
2021-05-01,20-29,738,2190,2928
2021-05-01,5-19,249,457,706
2021-05-01,0-4,117,117,234
2021-05-03,80+,4765,5666,10431
2021-05-03,70-79,6281,5802,12083
2021-05-03,60-69,6170,5431,11601
2021-05-03,50-59,4375,3875,8250
2021-05-03,40-49,2440,2527,4967
2021-05-03,30-39,1389,2293,3682
2021-05-03,20-29,740,2197,2937
2021-05-03,5-19,252,458,710
2021-05-03,0-4,117,118,235
2021-05-04,80+,4771,5676,10447
2021-05-04,70-79,6287,5817,12104
2021-05-04,60-69,6182,5444,11626
2021-05-04,50-59,4388,3886,8274
2021-05-04,40-49,2445,2541,4986
2021-05-04,30-39,1390,2306,3696
2021-05-04,20-29,741,2197,2938
2021-05-04,5-19,252,458,710
2021-05-04,0-4,119,117,236
2021-05-05,80+,4788,5693,10481
2021-05-05,70-79,6295,5825,12120
2021-05-05,60-69,6213,5468,11681
2021-05-05,50-59,4414,3894,8308
2021-05-05,40-49,2452,2567,5019
2021-05-05,30-39,1396,2330,3726
2021-05-05,20-29,742,2212,2954
2021-05-05,5-19,253,461,714
2021-05-05,0-4,120,119,239
2021-05-07,80+,4789,5699,10488
2021-05-07,70-79,6305,5846,12151
2021-05-07,60-69,6222,5484,11706
2021-05-07,50-59,4426,3900,8326
2021-05-07,40-49,2463,2573,5036
2021-05-07,30-39,1400,2337,3737
2021-05-07,20-29,744,2215,2959
2021-05-07,5-19,254,459,713
2021-05-07,0-4,120,119,239
2021-05-08,80+,4801,5710,10511
2021-05-08,70-79,6314,5852,12166
2021-05-08,60-69,6246,5493,11739
2021-05-08,50-59,4441,3927,8368
2021-05-08,40-49,2479,2593,5072
2021-05-08,30-39,1406,2346,3752
2021-05-08,20-29,745,2233,2978
2021-05-08,5-19,256,462,718
2021-05-08,0-4,120,118,238
2021-05-10,80+,4802,5715,10517
2021-05-10,70-79,6321,5858,12179
2021-05-10,60-69,6249,5500,11749
2021-05-10,50-59,4451,3934,8385
2021-05-10,40-49,2483,2601,5084
2021-05-10,30-39,1410,2347,3757
2021-05-10,20-29,745,2239,2984
2021-05-10,5-19,257,463,720
2021-05-10,0-4,119,118,237
2021-05-12,80+,4817,5731,10548
2021-05-12,70-79,6346,5877,12223
2021-05-12,60-69,6264,5527,11791
2021-05-12,50-59,4473,3954,8427
2021-05-12,40-49,2495,2614,5109
2021-05-12,30-39,1417,2363,3780
2021-05-12,20-29,754,2253,3007
2021-05-12,5-19,258,467,725
2021-05-12,0-4,120,116,236
2021-05-13,80+,4829,5740,10569
2021-05-13,70-79,6346,5878,12224
2021-05-13,60-69,6281,5544,11825
2021-05-13,50-59,4483,3962,8445
2021-05-13,40-49,2513,2624,5137
2021-05-13,30-39,1422,2381,3803
2021-05-13,20-29,757,2269,3026
2021-05-13,5-19,260,465,725
2021-05-13,0-4,122,119,241
2021-05-14,80+,4838,5748,10586
2021-05-14,70-79,6352,5887,12239
2021-05-14,60-69,6295,5555,11850
2021-05-14,50-59,4491,3971,8462
2021-05-14,40-49,2514,2629,5143
2021-05-14,30-39,1421,2387,3808
2021-05-14,20-29,760,2276,3036
2021-05-14,5-19,263,468,731
2021-05-14,0-4,121,118,239
2021-05-16,80+,4842,5750,10592
2021-05-16,70-79,6364,5899,12263
2021-05-16,60-69,6298,5559,11857
2021-05-16,50-59,4500,3985,8485
2021-05-16,40-49,2525,2641,5166
2021-05-16,30-39,1432,2392,3824
2021-05-16,20-29,763,2282,3045
2021-05-16,5-19,264,472,736
2021-05-16,0-4,121,118,239
2021-05-18,80+,4854,5761,10615
2021-05-18,70-79,6384,5914,12298
2021-05-18,60-69,6309,5566,11875
2021-05-18,50-59,4519,3999,8518
2021-05-18,40-49,2532,2649,5181
2021-05-18,30-39,1440,2397,3837
2021-05-18,20-29,763,2289,3052
2021-05-18,5-19,265,471,736
2021-05-18,0-4,122,119,241
2021-05-19,80+,4861,5778,10639
2021-05-19,70-79,6397,5925,12322
2021-05-19,60-69,6319,5581,11900
2021-05-19,50-59,4526,4013,8539
2021-05-19,40-49,2550,2665,5215
2021-05-19,30-39,1450,2410,3860
2021-05-19,20-29,767,2294,3061
2021-05-19,5-19,266,478,744
2021-05-19,0-4,122,119,241
2021-05-20,80+,4863,5786,10649
2021-05-20,70-79,6406,5935,12341
2021-05-20,60-69,6325,5581,11906
2021-05-20,50-59,4527,4019,8546
2021-05-20,40-49,2549,2670,5219
2021-05-20,30-39,1456,2425,3881
2021-05-20,20-29,771,2308,3079
2021-05-20,5-19,267,479,746
2021-05-20,0-4,124,119,243
2021-05-21,80+,4865,5790,10655
2021-05-21,70-79,6409,5942,12351
2021-05-21,60-69,6336,5591,11927
2021-05-21,50-59,4530,4024,8554
2021-05-21,40-49,2551,2674,5225
2021-05-21,30-39,1458,2428,3886
2021-05-21,20-29,775,2313,3088
2021-05-21,5-19,268,477,745
2021-05-21,0-4,124,119,243
2021-05-22,80+,4872,5793,10665
2021-05-22,70-79,6416,5952,12368
2021-05-22,60-69,6346,5597,11943
2021-05-22,50-59,4538,4026,8564
2021-05-22,40-49,2556,2682,5238
2021-05-22,30-39,1460,2437,3897
2021-05-22,20-29,777,2316,3093
2021-05-22,5-19,269,478,747
2021-05-22,0-4,125,119,244
2021-05-25,80+,4875,5798,10673
2021-05-25,70-79,6427,5953,12380
2021-05-25,60-69,6362,5622,11984
2021-05-25,50-59,4545,4039,8584
2021-05-25,40-49,2567,2684,5251
2021-05-25,30-39,1466,2448,3914
2021-05-25,20-29,780,2324,3104
2021-05-25,5-19,273,479,752
2021-05-25,0-4,124,118,242
2021-05-26,80+,4885,5807,10692
2021-05-26,70-79,6433,5955,12388
2021-05-26,60-69,6369,5634,12003
2021-05-26,50-59,4554,4049,8603
2021-05-26,40-49,2574,2690,5264
2021-05-26,30-39,1472,2459,3931
2021-05-26,20-29,784,2333,3117
2021-05-26,5-19,275,480,755
2021-05-26,0-4,125,120,245
2021-05-27,80+,4882,5815,10697
2021-05-27,70-79,6442,5968,12410
2021-05-27,60-69,6379,5640,12019
2021-05-27,50-59,4558,4055,8613
2021-05-27,40-49,2579,2694,5273
2021-05-27,30-39,1478,2466,3944
2021-05-27,20-29,785,2336,3121
2021-05-27,5-19,276,481,757
2021-05-27,0-4,126,120,246
2021-06-02,80+,4919,5867,10786
2021-06-02,70-79,6471,5997,12468
2021-06-02,60-69,6398,5673,12071
2021-06-02,50-59,4589,4090,8679
2021-06-02,40-49,2603,2705,5308
2021-06-02,30-39,1497,2498,3995
2021-06-02,20-29,795,2355,3150
2021-06-02,5-19,275,489,764
2021-06-02,0-4,127,120,247
2021-06-04,80+,4926,5874,10800
2021-06-04,70-79,6469,6011,12480
2021-06-04,60-69,6419,5684,12103
2021-06-04,50-59,4605,4113,8718
2021-06-04,40-49,2612,2716,5328
2021-06-04,30-39,1513,2520,4033
2021-06-04,20-29,799,2381,3180
2021-06-04,5-19,277,494,771
2021-06-04,0-4,126,120,246
2021-06-06,80+,4928,5880,10808
2021-06-06,70-79,6472,6027,12499
2021-06-06,60-69,6426,5685,12111
2021-06-06,50-59,4622,4112,8734
2021-06-06,40-49,2625,2728,5353
2021-06-06,30-39,1514,2533,4047
2021-06-06,20-29,802,2385,3187
2021-06-06,5-19,277,493,770
2021-06-06,0-4,129,120,249
2021-06-07,80+,4932,5883,10815
2021-06-07,70-79,6473,6031,12504
2021-06-07,60-69,6431,5686,12117
2021-06-07,50-59,4627,4116,8743
2021-06-07,40-49,2628,2730,5358
2021-06-07,30-39,1514,2533,4047
2021-06-07,20-29,804,2391,3195
2021-06-07,5-19,277,495,772
2021-06-07,0-4,129,120,249
2021-06-08,80+,4934,5889,10823
2021-06-08,70-79,6478,6037,12515
2021-06-08,60-69,6440,5687,12127
2021-06-08,50-59,4629,4119,8748
2021-06-08,40-49,2631,2733,5364
2021-06-08,30-39,1516,2539,4055
2021-06-08,20-29,808,2394,3202
2021-06-08,5-19,278,496,774
2021-06-08,0-4,127,120,247
2021-06-09,80+,4941,5890,10831
2021-06-09,70-79,6484,6041,12525
2021-06-09,60-69,6442,5690,12132
2021-06-09,50-59,4629,4132,8761
2021-06-09,40-49,2634,2736,5370
2021-06-09,30-39,1517,2548,4065
2021-06-09,20-29,808,2398,3206
2021-06-09,5-19,279,499,778
2021-06-09,0-4,127,123,250
2021-06-11,80+,4947,5896,10843
2021-06-11,70-79,6485,6048,12533
2021-06-11,60-69,6463,5702,12165
2021-06-11,50-59,4642,4142,8784
2021-06-11,40-49,2642,2742,5384
2021-06-11,30-39,1518,2558,4076
2021-06-11,20-29,813,2411,3224
2021-06-11,5-19,279,501,780
2021-06-11,0-4,128,121,249
2021-06-12,80+,4951,5903,10854
2021-06-12,70-79,6486,6054,12540
2021-06-12,60-69,6464,5707,12171
2021-06-12,50-59,4652,4146,8798
2021-06-12,40-49,2641,2743,5384
2021-06-12,30-39,1520,2565,4085
2021-06-12,20-29,815,2414,3229
2021-06-12,5-19,279,502,781
2021-06-12,0-4,128,122,250
2021-06-13,80+,4960,5906,10866
2021-06-13,70-79,6490,6058,12548
2021-06-13,60-69,6476,5713,12189
2021-06-13,50-59,4653,4159,8812
2021-06-13,40-49,2646,2749,5395
2021-06-13,30-39,1527,2567,4094
2021-06-13,20-29,818,2422,3240
2021-06-13,5-19,279,501,780
2021-06-13,0-4,129,123,252
2021-06-14,80+,4966,5906,10872
2021-06-14,70-79,6496,6068,12564
2021-06-14,60-69,6482,5723,12205
2021-06-14,50-59,4659,4163,8822
2021-06-14,40-49,2647,2753,5400
2021-06-14,30-39,1527,2578,4105
2021-06-14,20-29,820,2422,3242
2021-06-14,5-19,279,499,778
2021-06-14,0-4,130,123,253
2021-06-16,80+,4971,5909,10880
2021-06-16,70-79,6496,6072,12568
2021-06-16,60-69,6489,5721,12210
2021-06-16,50-59,4659,4170,8829
2021-06-16,40-49,2650,2757,5407
2021-06-16,30-39,1530,2589,4119
2021-06-16,20-29,821,2414,3235
2021-06-16,5-19,280,498,778
2021-06-16,0-4,130,123,253
2021-06-17,80+,4976,5912,10888
2021-06-17,70-79,6499,6078,12577
2021-06-17,60-69,6493,5731,12224
2021-06-17,50-59,4671,4173,8844
2021-06-17,40-49,2662,2762,5424
2021-06-17,30-39,1528,2599,4127
2021-06-17,20-29,824,2430,3254
2021-06-17,5-19,282,493,775
2021-06-17,0-4,130,121,251
2021-06-20,80+,4985,5927,10912
2021-06-20,70-79,6507,6072,12579
2021-06-20,60-69,6510,5747,12257
2021-06-20,50-59,4689,4182,8871
2021-06-20,40-49,2666,2769,5435
2021-06-20,30-39,1536,2603,4139
2021-06-20,20-29,822,2445,3267
2021-06-20,5-19,279,495,774
2021-06-20,0-4,133,120,253
2021-06-22,80+,4991,5936,10927
2021-06-22,70-79,6510,6080,12590
2021-06-22,60-69,6513,5749,12262
2021-06-22,50-59,4689,4195,8884
2021-06-22,40-49,2669,2776,5445
2021-06-22,30-39,1539,2607,4146
2021-06-22,20-29,819,2448,3267
2021-06-22,5-19,278,493,771
2021-06-22,0-4,131,122,253
2021-06-23,80+,5001,5954,10955
2021-06-23,70-79,6518,6101,12619
2021-06-23,60-69,6534,5766,12300
2021-06-23,50-59,4690,4198,8888
2021-06-23,40-49,2672,2788,5460
2021-06-23,30-39,1543,2623,4166
2021-06-23,20-29,822,2473,3295
2021-06-23,5-19,284,496,780
2021-06-23,0-4,132,122,254
2021-06-24,80+,5002,5961,10963
2021-06-24,70-79,6520,6104,12624
2021-06-24,60-69,6536,5773,12309
2021-06-24,50-59,4689,4197,8886
2021-06-24,40-49,2673,2788,5461
2021-06-24,30-39,1546,2631,4177
2021-06-24,20-29,824,2470,3294
2021-06-24,5-19,285,497,782
2021-06-24,0-4,132,122,254
2021-06-26,80+,5005,5965,10970
2021-06-26,70-79,6524,6106,12630
2021-06-26,60-69,6544,5776,12320
2021-06-26,50-59,4684,4197,8881
2021-06-26,40-49,2672,2793,5465
2021-06-26,30-39,1546,2635,4181
2021-06-26,20-29,825,2471,3296
2021-06-26,5-19,282,496,778
2021-06-26,0-4,133,122,255
2021-06-28,80+,5007,5970,10977
2021-06-28,70-79,6530,6117,12647
2021-06-28,60-69,6555,5783,12338
2021-06-28,50-59,4685,4195,8880
2021-06-28,40-49,2675,2792,5467
2021-06-28,30-39,1554,2644,4198
2021-06-28,20-29,828,2480,3308
2021-06-28,5-19,282,495,777
2021-06-28,0-4,132,124,256
2021-06-30,80+,5017,5987,11004
2021-06-30,70-79,6540,6119,12659
2021-06-30,60-69,6571,5791,12362
2021-06-30,50-59,4698,4203,8901
2021-06-30,40-49,2685,2800,5485
2021-06-30,30-39,1548,2658,4206
2021-06-30,20-29,830,2489,3319
2021-06-30,5-19,282,496,778
2021-06-30,0-4,132,122,254
2021-07-02,80+,5025,5989,11014
2021-07-02,70-79,6548,6129,12677
2021-07-02,60-69,6568,5782,12350
2021-07-02,50-59,4707,4207,8914
2021-07-02,40-49,2688,2811,5499
2021-07-02,30-39,1550,2649,4199
2021-07-02,20-29,833,2495,3328
2021-07-02,5-19,283,499,782
2021-07-02,0-4,133,122,255
2021-07-03,80+,5038,5996,11034
2021-07-03,70-79,6548,6138,12686
2021-07-03,60-69,6571,5776,12347
2021-07-03,50-59,4715,4213,8928
2021-07-03,40-49,2690,2813,5503
2021-07-03,30-39,1557,2661,4218
2021-07-03,20-29,837,2490,3327
2021-07-03,5-19,282,501,783
2021-07-03,0-4,134,122,256
2021-07-05,80+,5040,6001,11041
2021-07-05,70-79,6552,6139,12691
2021-07-05,60-69,6574,5782,12356
2021-07-05,50-59,4713,4219,8932
2021-07-05,40-49,2692,2815,5507
2021-07-05,30-39,1559,2660,4219
2021-07-05,20-29,836,2488,3324
2021-07-05,5-19,282,501,783
2021-07-05,0-4,134,122,256
2021-07-06,80+,5054,6007,11061
2021-07-06,70-79,6556,6148,12704
2021-07-06,60-69,6572,5796,12368
2021-07-06,50-59,4720,4221,8941
2021-07-06,40-49,2697,2826,5523
2021-07-06,30-39,1560,2665,4225
2021-07-06,20-29,834,2503,3337
2021-07-06,5-19,283,504,787
2021-07-06,0-4,134,122,256
2021-07-08,80+,5060,6012,11072
2021-07-08,70-79,6559,6158,12717
2021-07-08,60-69,6582,5799,12381
2021-07-08,50-59,4728,4223,8951
2021-07-08,40-49,2696,2829,5525
2021-07-08,30-39,1559,2670,4229
2021-07-08,20-29,836,2507,3343
2021-07-08,5-19,284,506,790
2021-07-08,0-4,134,122,256
2021-07-10,80+,5066,6020,11086
2021-07-10,70-79,6572,6171,12743
2021-07-10,60-69,6594,5812,12406
2021-07-10,50-59,4735,4227,8962
2021-07-10,40-49,2700,2837,5537
2021-07-10,30-39,1565,2685,4250
2021-07-10,20-29,836,2505,3341
2021-07-10,5-19,285,508,793
2021-07-10,0-4,135,123,258
2021-07-11,80+,5070,6028,11098
2021-07-11,70-79,6574,6171,12745
2021-07-11,60-69,6596,5811,12407
2021-07-11,50-59,4736,4229,8965
2021-07-11,40-49,2703,2840,5543
2021-07-11,30-39,1563,2688,4251
2021-07-11,20-29,836,2510,3346
2021-07-11,5-19,285,508,793
2021-07-11,0-4,135,124,259
2021-07-13,80+,5078,6029,11107
2021-07-13,70-79,6589,6184,12773
2021-07-13,60-69,6597,5817,12414
2021-07-13,50-59,4747,4238,8985
2021-07-13,40-49,2708,2845,5553
2021-07-13,30-39,1569,2698,4267
2021-07-13,20-29,839,2524,3363
2021-07-13,5-19,284,510,794
2021-07-13,0-4,135,123,258
2021-07-15,80+,5091,6037,11128
2021-07-15,70-79,6606,6196,12802
2021-07-15,60-69,6602,5832,12434
2021-07-15,50-59,4770,4248,9018
2021-07-15,40-49,2721,2855,5576
2021-07-15,30-39,1568,2707,4275
2021-07-15,20-29,846,2531,3377
2021-07-15,5-19,287,509,796
2021-07-15,0-4,135,124,259
2021-07-16,80+,5096,6037,11133
2021-07-16,70-79,6602,6197,12799
2021-07-16,60-69,6601,5831,12432
2021-07-16,50-59,4771,4248,9019
2021-07-16,40-49,2721,2857,5578
2021-07-16,30-39,1567,2705,4272
2021-07-16,20-29,846,2531,3377
2021-07-16,5-19,287,509,796
2021-07-16,0-4,135,124,259
2021-07-17,80+,5103,6055,11158
2021-07-17,70-79,6622,6204,12826
2021-07-17,60-69,6609,5850,12459
2021-07-17,50-59,4783,4257,9040
2021-07-17,40-49,2727,2867,5594
2021-07-17,30-39,1569,2717,4286
2021-07-17,20-29,848,2541,3389
2021-07-17,5-19,288,513,801
2021-07-17,0-4,137,125,262
2021-07-18,80+,5113,6061,11174
2021-07-18,70-79,6629,6217,12846
2021-07-18,60-69,6621,5848,12469
2021-07-18,50-59,4786,4268,9054
2021-07-18,40-49,2731,2874,5605
2021-07-18,30-39,1572,2713,4285
2021-07-18,20-29,849,2549,3398
2021-07-18,5-19,288,511,799
2021-07-18,0-4,137,125,262
2021-07-19,80+,5117,6064,11181
2021-07-19,70-79,6634,6227,12861
2021-07-19,60-69,6626,5860,12486
2021-07-19,50-59,4789,4271,9060
2021-07-19,40-49,2735,2878,5613
2021-07-19,30-39,1576,2726,4302
2021-07-19,20-29,852,2549,3401
2021-07-19,5-19,291,512,803
2021-07-19,0-4,137,125,262
2021-07-20,80+,5121,6071,11192
2021-07-20,70-79,6635,6230,12865
2021-07-20,60-69,6638,5864,12502
2021-07-20,50-59,4795,4286,9081
2021-07-20,40-49,2736,2875,5611
2021-07-20,30-39,1576,2731,4307
2021-07-20,20-29,853,2553,3406
2021-07-20,5-19,292,513,805
2021-07-20,0-4,139,125,264
2021-07-21,80+,5127,6072,11199
2021-07-21,70-79,6644,6240,12884
2021-07-21,60-69,6643,5878,12521
2021-07-21,50-59,4797,4287,9084
2021-07-21,40-49,2741,2883,5624
2021-07-21,30-39,1586,2740,4326
2021-07-21,20-29,850,2563,3413
2021-07-21,5-19,294,514,808
2021-07-21,0-4,139,125,264
2021-07-23,80+,5135,6082,11217
2021-07-23,70-79,6647,6247,12894
2021-07-23,60-69,6649,5881,12530
2021-07-23,50-59,4797,4298,9095
2021-07-23,40-49,2747,2889,5636
2021-07-23,30-39,1591,2753,4344
2021-07-23,20-29,849,2562,3411
2021-07-23,5-19,295,514,809
2021-07-23,0-4,141,127,268
2021-07-25,80+,5145,6084,11229
2021-07-25,70-79,6669,6263,12932
2021-07-25,60-69,6653,5898,12551
2021-07-25,50-59,4809,4308,9117
2021-07-25,40-49,2760,2892,5652
2021-07-25,30-39,1597,2763,4360
2021-07-25,20-29,852,2578,3430
2021-07-25,5-19,296,514,810
2021-07-25,0-4,140,129,269
2021-07-26,80+,5150,6093,11243
2021-07-26,70-79,6677,6268,12945
2021-07-26,60-69,6660,5910,12570
2021-07-26,50-59,4816,4312,9128
2021-07-26,40-49,2769,2896,5665
2021-07-26,30-39,1602,2767,4369
2021-07-26,20-29,855,2581,3436
2021-07-26,5-19,295,513,808
2021-07-26,0-4,141,129,270
2021-07-27,80+,5161,6120,11281
2021-07-27,70-79,6688,6268,12956
2021-07-27,60-69,6673,5930,12603
2021-07-27,50-59,4835,4342,9177
2021-07-27,40-49,2780,2906,5686
2021-07-27,30-39,1609,2767,4376
2021-07-27,20-29,857,2605,3462
2021-07-27,5-19,299,518,817
2021-07-27,0-4,144,128,272
2021-07-29,80+,5168,6134,11302
2021-07-29,70-79,6698,6273,12971
2021-07-29,60-69,6676,5942,12618
2021-07-29,50-59,4845,4353,9198
2021-07-29,40-49,2785,2915,5700
2021-07-29,30-39,1614,2776,4390
2021-07-29,20-29,864,2618,3482
2021-07-29,5-19,299,519,818
2021-07-29,0-4,145,127,272
2021-07-31,80+,5185,6150,11335
2021-07-31,70-79,6724,6287,13011
2021-07-31,60-69,6696,5968,12664
2021-07-31,50-59,4875,4375,9250
2021-07-31,40-49,2799,2929,5728
2021-07-31,30-39,1625,2791,4416
2021-07-31,20-29,876,2634,3510
2021-07-31,5-19,299,524,823
2021-07-31,0-4,148,128,276
2021-08-01,80+,5194,6159,11353
2021-08-01,70-79,6728,6297,13025
2021-08-01,60-69,6712,5973,12685
2021-08-01,50-59,4882,4387,9269
2021-08-01,40-49,2806,2933,5739
2021-08-01,30-39,1626,2795,4421
2021-08-01,20-29,877,2637,3514
2021-08-01,5-19,301,524,825
2021-08-01,0-4,148,128,276
2021-08-02,80+,5202,6168,11370
2021-08-02,70-79,6735,6302,13037
2021-08-02,60-69,6717,5982,12699
2021-08-02,50-59,4890,4396,9286
2021-08-02,40-49,2812,2938,5750
2021-08-02,30-39,1633,2802,4435
2021-08-02,20-29,879,2640,3519
2021-08-02,5-19,302,524,826
2021-08-02,0-4,148,129,277
2021-08-05,80+,5224,6198,11422
2021-08-05,70-79,6765,6335,13100
2021-08-05,60-69,6757,6023,12780
2021-08-05,50-59,4932,4428,9360
2021-08-05,40-49,2837,2974,5811
2021-08-05,30-39,1647,2835,4482
2021-08-05,20-29,886,2677,3563
2021-08-05,5-19,303,536,839
2021-08-05,0-4,146,131,277
2021-08-07,80+,5252,6223,11475
2021-08-07,70-79,6786,6370,13156
2021-08-07,60-69,6788,6047,12835
2021-08-07,50-59,4955,4458,9413
2021-08-07,40-49,2867,2997,5864
2021-08-07,30-39,1661,2853,4514
2021-08-07,20-29,889,2688,3577
2021-08-07,5-19,303,540,843
2021-08-07,0-4,150,133,283
2021-08-09,80+,5267,6248,11515
2021-08-09,70-79,6805,6394,13199
2021-08-09,60-69,6814,6066,12880
2021-08-09,50-59,4991,4480,9471
2021-08-09,40-49,2874,3014,5888
2021-08-09,30-39,1673,2873,4546
2021-08-09,20-29,904,2706,3610
2021-08-09,5-19,303,542,845
2021-08-09,0-4,150,133,283
2021-08-10,80+,5276,6255,11531
2021-08-10,70-79,6820,6410,13230
2021-08-10,60-69,6821,6080,12901
2021-08-10,50-59,5004,4493,9497
2021-08-10,40-49,2883,3027,5910
2021-08-10,30-39,1676,2885,4561
2021-08-10,20-29,913,2718,3631
2021-08-10,5-19,304,546,850
2021-08-10,0-4,149,135,284
2021-08-11,80+,5304,6278,11582
2021-08-11,70-79,6839,6430,13269
2021-08-11,60-69,6848,6102,12950
2021-08-11,50-59,5026,4516,9542
2021-08-11,40-49,2902,3052,5954
2021-08-11,30-39,1697,2911,4608
2021-08-11,20-29,920,2733,3653
2021-08-11,5-19,307,555,862
2021-08-11,0-4,150,137,287
2021-08-13,80+,5320,6289,11609
2021-08-13,70-79,6847,6453,13300
2021-08-13,60-69,6870,6125,12995
2021-08-13,50-59,5041,4535,9576
2021-08-13,40-49,2922,3071,5993
2021-08-13,30-39,1708,2921,4629
2021-08-13,20-29,926,2757,3683
2021-08-13,5-19,311,558,869
2021-08-13,0-4,151,139,290
2021-08-14,80+,5358,6324,11682
2021-08-14,70-79,6881,6487,13368
2021-08-14,60-69,6903,6177,13080
2021-08-14,50-59,5076,4570,9646
2021-08-14,40-49,2944,3104,6048
2021-08-14,30-39,1730,2956,4686
2021-08-14,20-29,933,2780,3713
2021-08-14,5-19,314,562,876
2021-08-14,0-4,152,141,293
2021-08-15,80+,5368,6339,11707
2021-08-15,70-79,6902,6506,13408
2021-08-15,60-69,6922,6203,13125
2021-08-15,50-59,5088,4584,9672
2021-08-15,40-49,2956,3116,6072
2021-08-15,30-39,1739,2972,4711
2021-08-15,20-29,942,2788,3730
2021-08-15,5-19,314,566,880
2021-08-15,0-4,153,142,295
2021-08-17,80+,5384,6348,11732
2021-08-17,70-79,6926,6525,13451
2021-08-17,60-69,6937,6222,13159
2021-08-17,50-59,5109,4611,9720
2021-08-17,40-49,2967,3132,6099
2021-08-17,30-39,1752,2985,4737
2021-08-17,20-29,949,2805,3754
2021-08-17,5-19,317,568,885
2021-08-17,0-4,153,142,295
2021-08-18,80+,5400,6362,11762
2021-08-18,70-79,6954,6548,13502
2021-08-18,60-69,6965,6245,13210
2021-08-18,50-59,5135,4635,9770
2021-08-18,40-49,2982,3149,6131
2021-08-18,30-39,1756,3015,4771
2021-08-18,20-29,958,2830,3788
2021-08-18,5-19,320,570,890
2021-08-18,0-4,158,144,302
2021-08-19,80+,5425,6386,11811
2021-08-19,70-79,6979,6573,13552
2021-08-19,60-69,6992,6268,13260
2021-08-19,50-59,5160,4663,9823
2021-08-19,40-49,3001,3166,6167
2021-08-19,30-39,1758,3030,4788
2021-08-19,20-29,959,2854,3813
2021-08-19,5-19,323,575,898
2021-08-19,0-4,162,143,305
2021-08-20,80+,5446,6422,11868
2021-08-20,70-79,7004,6592,13596
2021-08-20,60-69,7024,6303,13327
2021-08-20,50-59,5188,4693,9881
2021-08-20,40-49,3024,3189,6213
2021-08-20,30-39,1769,3060,4829
2021-08-20,20-29,966,2878,3844
2021-08-20,5-19,323,583,906
2021-08-20,0-4,162,145,307
2021-08-21,80+,5475,6451,11926
2021-08-21,70-79,7030,6617,13647
2021-08-21,60-69,7058,6332,13390
2021-08-21,50-59,5209,4736,9945
2021-08-21,40-49,3051,3211,6262
2021-08-21,30-39,1785,3076,4861
2021-08-21,20-29,978,2905,3883
2021-08-21,5-19,323,589,912
2021-08-21,0-4,168,149,317
2021-08-23,80+,5489,6468,11957
2021-08-23,70-79,7051,6635,13686
2021-08-23,60-69,7078,6359,13437
2021-08-23,50-59,5227,4754,9981
2021-08-23,40-49,3060,3221,6281
2021-08-23,30-39,1795,3098,4893
2021-08-23,20-29,984,2922,3906
2021-08-23,5-19,325,590,915
2021-08-23,0-4,174,149,323
2021-08-24,80+,5506,6486,11992
2021-08-24,70-79,7068,6657,13725
2021-08-24,60-69,7110,6385,13495
2021-08-24,50-59,5258,4776,10034
2021-08-24,40-49,3079,3238,6317
2021-08-24,30-39,1805,3130,4935
2021-08-24,20-29,993,2943,3936
2021-08-24,5-19,330,597,927
2021-08-24,0-4,175,153,328
2021-08-25,80+,5519,6502,12021
2021-08-25,70-79,7092,6693,13785
2021-08-25,60-69,7138,6421,13559
2021-08-25,50-59,5279,4797,10076
2021-08-25,40-49,3096,3263,6359
2021-08-25,30-39,1816,3162,4978
2021-08-25,20-29,998,2964,3962
2021-08-25,5-19,330,602,932
2021-08-25,0-4,176,154,330
2021-08-27,80+,5572,6550,12122
2021-08-27,70-79,7160,6759,13919
2021-08-27,60-69,7218,6499,13717
2021-08-27,50-59,5362,4857,10219
2021-08-27,40-49,3152,3324,6476
2021-08-27,30-39,1858,3209,5067
2021-08-27,20-29,1004,3012,4016
2021-08-27,5-19,332,615,947
2021-08-27,0-4,177,159,336
2021-08-29,80+,5604,6579,12183
2021-08-29,70-79,7196,6795,13991
2021-08-29,60-69,7259,6551,13810
2021-08-29,50-59,5402,4904,10306
2021-08-29,40-49,3187,3359,6546
2021-08-29,30-39,1887,3251,5138
2021-08-29,20-29,1023,3036,4059
2021-08-29,5-19,332,620,952
2021-08-29,0-4,181,159,340
2021-08-31,80+,5645,6623,12268
2021-08-31,70-79,7239,6856,14095
2021-08-31,60-69,7316,6604,13920
2021-08-31,50-59,5464,4950,10414
2021-08-31,40-49,3244,3400,6644
2021-08-31,30-39,1920,3295,5215
2021-08-31,20-29,1038,3073,4111
2021-08-31,5-19,342,631,973
2021-08-31,0-4,182,166,348
2021-09-01,80+,5705,6679,12384
2021-09-01,70-79,7300,6913,14213
2021-09-01,60-69,7380,6652,14032
2021-09-01,50-59,5516,4991,10507
2021-09-01,40-49,3268,3430,6698
2021-09-01,30-39,1929,3338,5267
2021-09-01,20-29,1048,3119,4167
2021-09-01,5-19,343,632,975
2021-09-01,0-4,184,168,352
2021-09-02,80+,5726,6728,12454
2021-09-02,70-79,7337,6963,14300
2021-09-02,60-69,7425,6719,14144
2021-09-02,50-59,5560,5041,10601
2021-09-02,40-49,3307,3462,6769
2021-09-02,30-39,1953,3392,5345
2021-09-02,20-29,1051,3144,4195
2021-09-02,5-19,350,638,988
2021-09-02,0-4,185,169,354
2021-09-03,80+,5752,6752,12504
2021-09-03,70-79,7372,6996,14368
2021-09-03,60-69,7450,6757,14207
2021-09-03,50-59,5588,5073,10661
2021-09-03,40-49,3335,3492,6827
2021-09-03,30-39,1970,3421,5391
2021-09-03,20-29,1056,3174,4230
2021-09-03,5-19,353,643,996
2021-09-03,0-4,192,167,359
2021-09-04,80+,5767,6766,12533
2021-09-04,70-79,7395,7023,14418
2021-09-04,60-69,7487,6789,14276
2021-09-04,50-59,5613,5100,10713
2021-09-04,40-49,3350,3503,6853
2021-09-04,30-39,1980,3437,5417
2021-09-04,20-29,1067,3195,4262
2021-09-04,5-19,356,644,1000
2021-09-04,0-4,194,171,365
2021-09-05,80+,5773,6779,12552
2021-09-05,70-79,7416,7046,14462
2021-09-05,60-69,7515,6812,14327
2021-09-05,50-59,5636,5129,10765
2021-09-05,40-49,3370,3519,6889
2021-09-05,30-39,1986,3460,5446
2021-09-05,20-29,1069,3211,4280
2021-09-05,5-19,360,649,1009
2021-09-05,0-4,199,172,371
2021-09-06,80+,5789,6793,12582
2021-09-06,70-79,7436,7072,14508
2021-09-06,60-69,7540,6833,14373
2021-09-06,50-59,5658,5147,10805
2021-09-06,40-49,3387,3537,6924
2021-09-06,30-39,1992,3472,5464
2021-09-06,20-29,1080,3228,4308
2021-09-06,5-19,362,655,1017
2021-09-06,0-4,199,177,376
2021-09-07,80+,5821,6823,12644
2021-09-07,70-79,7468,7121,14589
2021-09-07,60-69,7589,6869,14458
2021-09-07,50-59,5696,5175,10871
2021-09-07,40-49,3409,3554,6963
2021-09-07,30-39,2015,3495,5510
2021-09-07,20-29,1086,3256,4342
2021-09-07,5-19,367,664,1031
2021-09-07,0-4,201,185,386
2021-09-09,80+,5841,6863,12704
2021-09-09,70-79,7509,7162,14671
2021-09-09,60-69,7654,6921,14575
2021-09-09,50-59,5738,5224,10962
2021-09-09,40-49,3443,3584,7027
2021-09-09,30-39,2031,3530,5561
2021-09-09,20-29,1096,3292,4388
2021-09-09,5-19,368,675,1043
2021-09-09,0-4,210,189,399
2021-09-10,80+,5861,6889,12750
2021-09-10,70-79,7539,7194,14733
2021-09-10,60-69,7691,6965,14656
2021-09-10,50-59,5771,5259,11030
2021-09-10,40-49,3463,3608,7071
2021-09-10,30-39,2047,3557,5604
2021-09-10,20-29,1098,3313,4411
2021-09-10,5-19,377,687,1064
2021-09-10,0-4,213,192,405
2021-09-11,80+,5875,6905,12780
2021-09-11,70-79,7559,7221,14780
2021-09-11,60-69,7726,6999,14725
2021-09-11,50-59,5804,5292,11096
2021-09-11,40-49,3481,3635,7116
2021-09-11,30-39,2059,3584,5643
2021-09-11,20-29,1107,3318,4425
2021-09-11,5-19,377,685,1062
2021-09-11,0-4,211,195,406
2021-09-12,80+,5895,6929,12824
2021-09-12,70-79,7579,7240,14819
2021-09-12,60-69,7749,7037,14786
2021-09-12,50-59,5826,5321,11147
2021-09-12,40-49,3506,3655,7161
2021-09-12,30-39,2073,3607,5680
2021-09-12,20-29,1110,3335,4445
2021-09-12,5-19,378,690,1068
2021-09-12,0-4,214,198,412
2021-09-13,80+,5914,6941,12855
2021-09-13,70-79,7604,7257,14861
2021-09-13,60-69,7767,7057,14824
2021-09-13,50-59,5854,5344,11198
2021-09-13,40-49,3525,3669,7194
2021-09-13,30-39,2082,3630,5712
2021-09-13,20-29,1115,3351,4466
2021-09-13,5-19,381,690,1071
2021-09-13,0-4,213,200,413
2021-09-14,80+,5966,6995,12961
2021-09-14,70-79,7674,7324,14998
2021-09-14,60-69,7858,7154,15012
2021-09-14,50-59,5945,5420,11365
2021-09-14,40-49,3576,3723,7299
2021-09-14,30-39,2124,3689,5813
2021-09-14,20-29,1128,3411,4539
2021-09-14,5-19,385,701,1086
2021-09-14,0-4,220,205,425
2021-09-15,80+,5991,7021,13012
2021-09-15,70-79,7712,7356,15068
2021-09-15,60-69,7901,7216,15117
2021-09-15,50-59,5981,5472,11453
2021-09-15,40-49,3602,3751,7353
2021-09-15,30-39,2137,3730,5867
2021-09-15,20-29,1136,3441,4577
2021-09-15,5-19,394,707,1101
2021-09-15,0-4,227,207,434
2021-09-17,80+,6013,7035,13048
2021-09-17,70-79,7736,7374,15110
2021-09-17,60-69,7920,7241,15161
2021-09-17,50-59,5992,5491,11483
2021-09-17,40-49,3626,3778,7404
2021-09-17,30-39,2148,3749,5897
2021-09-17,20-29,1137,3461,4598
2021-09-17,5-19,396,711,1107
2021-09-17,0-4,228,208,436
2021-09-18,80+,6039,7072,13111
2021-09-18,70-79,7783,7410,15193
2021-09-18,60-69,7968,7292,15260
2021-09-18,50-59,6047,5544,11591
2021-09-18,40-49,3662,3815,7477
2021-09-18,30-39,2164,3774,5938
2021-09-18,20-29,1142,3486,4628
2021-09-18,5-19,398,717,1115
2021-09-18,0-4,234,212,446
2021-09-19,80+,6052,7082,13134
2021-09-19,70-79,7802,7435,15237
2021-09-19,60-69,7989,7320,15309
2021-09-19,50-59,6069,5559,11628
2021-09-19,40-49,3678,3830,7508
2021-09-19,30-39,2171,3795,5966
2021-09-19,20-29,1151,3498,4649
2021-09-19,5-19,398,719,1117
2021-09-19,0-4,234,213,447
2021-09-21,80+,6069,7101,13170
2021-09-21,70-79,7837,7459,15296
2021-09-21,60-69,8022,7355,15377
2021-09-21,50-59,6098,5587,11685
2021-09-21,40-49,3697,3847,7544
2021-09-21,30-39,2177,3819,5996
2021-09-21,20-29,1157,3507,4664
2021-09-21,5-19,400,722,1122
2021-09-21,0-4,235,216,451
